1000 2000
0 255 15015498 
0 364 99430357 
0 678 88013893 
0 592 98199325 
0 309 65755659 
0 465 62631517 
1 320 68342134 
1 224 55795193 
1 819 68219837 
1 825 89348639 
1 516 83489965 
2 272 21725112 
2 962 29447616 
2 961 65495316 
2 794 78280107 
3 790 70336279 
3 257 20387346 
3 50 61989422 
3 677 35259722 
4 175 71282850 
4 784 96981656 
4 834 52779682 
4 921 83731203 
4 497 74496190 
5 475 58921610 
6 422 48092019 
6 562 97648133 
6 735 28410494 
6 491 81162312 
7 504 41698584 
7 572 90888113 
7 271 69275283 
8 426 36832560 
8 451 59826903 
8 588 55236445 
9 856 78880362 
9 818 98886604 
9 534 66182488 
9 885 63520005 
10 843 3114016 
10 898 45765568 
10 130 63751026 
10 969 38216980 
11 995 74782771 
11 906 3153689 
11 842 14537665 
11 179 15014313 
12 155 14601781 
12 568 25711398 
12 176 72024597 
13 300 9217218 
13 961 88878955 
13 692 96501217 
13 359 12065762 
13 388 27977847 
13 158 35750636 
14 18 64118676 
14 827 77487094 
14 725 16246173 
15 492 37756168 
15 418 8642939 
15 910 32478362 
15 452 75026220 
15 442 7519501 
15 120 78383532 
16 26 67652242 
16 213 59638146 
16 801 88884144 
16 704 10507701 
17 69 98154696 
17 987 92260238 
17 43 49165747 
17 454 67732368 
17 548 6672790 
18 84 18923146 
18 828 32257097 
18 440 19164892 
18 88 95448166 
18 298 96289910 
19 715 16372009 
19 394 52899785 
19 612 91359110 
19 184 79418656 
20 857 48823688 
20 740 61785064 
20 433 89354427 
20 213 44799605 
21 298 28074204 
21 915 54898242 
21 239 59843903 
21 761 57706621 
21 521 62747574 
21 295 93326811 
22 675 13171374 
22 381 92780201 
22 93 8275884 
22 51 66799615 
22 150 88175362 
22 145 31475099 
23 835 2950248 
23 408 21963589 
23 27 73041505 
23 876 56323550 
24 110 78349174 
24 32 27951828 
24 484 82873452 
25 429 27139976 
25 980 24265018 
26 217 43404327 
26 715 99825319 
26 687 94639747 
26 701 90977584 
26 143 59205296 
27 526 40057446 
27 525 37641316 
27 365 57474021 
27 390 59345447 
28 768 59251715 
28 332 5731893 
28 826 31515437 
28 515 86945312 
28 507 56909745 
28 424 78428871 
29 788 75294644 
29 299 62028847 
29 518 10005642 
29 325 41712759 
30 350 25847543 
30 937 1586758 
31 752 36849211 
31 814 66932412 
31 682 50777457 
31 285 91219102 
31 603 64897829 
32 644 97422150 
32 455 79844041 
33 673 90057790 
33 769 14720428 
34 894 38527932 
34 503 21767769 
34 218 31528108 
34 374 36652850 
34 629 19878835 
35 931 82049004 
35 588 20423248 
36 941 39464453 
37 819 45530013 
37 540 15328333 
38 124 49221682 
39 605 29479062 
39 217 72963774 
39 121 42692328 
39 885 28439967 
40 713 26813713 
40 576 93165356 
41 886 87237145 
41 510 25288078 
42 496 96017940 
42 485 15480731 
42 387 20284556 
43 77 22899498 
43 662 50784625 
43 453 14300907 
43 734 97677871 
44 818 41661041 
44 554 1175359 
44 963 17044750 
45 264 86996192 
45 685 65199432 
45 487 45123490 
45 789 96892161 
45 836 75004214 
45 839 24492127 
47 874 44584539 
47 268 76069969 
47 116 30694843 
48 393 60158371 
48 787 31991432 
48 883 13810179 
48 544 58638131 
49 390 67683419 
49 405 53077472 
50 682 72708272 
51 340 851410 
51 59 99685312 
52 374 54530813 
52 842 4974032 
52 572 18985498 
52 267 84540582 
52 906 90501873 
53 92 88729679 
53 892 16092097 
53 119 95352078 
53 197 39650472 
53 334 52993625 
53 986 39938876 
53 724 92663818 
54 196 11185350 
55 303 73956762 
55 629 54353371 
55 179 87140480 
55 136 82415767 
55 299 94434570 
55 497 51045958 
55 314 3302386 
55 404 44468810 
56 703 65626681 
56 89 40920587 
57 818 3157300 
57 137 49206034 
58 582 32952142 
58 145 82147877 
58 643 14044056 
59 129 90940137 
59 876 94700059 
59 161 72235148 
59 250 89898395 
60 337 76311091 
60 694 83219701 
60 306 86919948 
60 246 88647103 
61 99 50173312 
61 776 62337171 
61 255 61890924 
62 101 33408339 
62 188 76251114 
62 445 57023448 
62 383 11911999 
63 589 32196336 
63 864 44475078 
63 727 20692553 
63 827 23820068 
63 724 1895057 
64 166 36290461 
64 537 17013566 
64 163 81499702 
65 636 86021523 
66 77 86931302 
66 180 14390087 
66 926 65968767 
67 425 22565205 
67 390 87032210 
67 845 95948814 
68 624 6058702 
68 419 67375387 
68 266 90276350 
69 441 34851104 
69 588 70460752 
69 296 64860660 
69 476 72266564 
69 87 79926166 
69 862 60804316 
70 969 98875501 
70 428 73926007 
70 286 37652435 
71 660 56828855 
71 104 55399126 
71 402 96086638 
71 432 23642558 
71 734 56671321 
71 282 73592821 
72 121 79698396 
72 226 61030471 
72 743 99036763 
72 747 6142234 
73 547 44590168 
73 837 65834749 
74 660 12288209 
74 100 56597218 
74 375 30390235 
75 251 92423498 
75 500 42307735 
75 354 27034654 
76 906 38459942 
76 305 99981504 
76 859 17176065 
76 188 16988408 
76 173 32486105 
76 640 79150750 
77 830 50272707 
77 291 17083572 
77 470 62997657 
77 671 21002811 
78 125 8743865 
78 917 94998645 
79 405 71654469 
79 847 68869578 
80 909 50047002 
80 262 79418529 
80 610 95296439 
80 968 9389236 
81 312 11481474 
81 319 13501381 
81 993 77561659 
82 893 67753075 
82 236 57115945 
82 576 3818481 
82 746 50377560 
83 766 28304816 
83 886 57722182 
83 304 11484160 
83 193 47510212 
84 935 26267572 
84 264 91486834 
84 199 41593763 
84 465 33550571 
84 496 74048665 
84 102 34164673 
84 242 9017183 
84 669 94130640 
84 99 62312778 
84 501 76090793 
85 550 81397545 
85 706 47840674 
85 561 44334451 
86 219 99023379 
86 935 48392400 
86 976 61203408 
87 140 82032123 
87 396 2576097 
87 167 44033480 
87 656 94041605 
87 737 77375288 
87 241 57151275 
88 220 3218 
88 685 20395584 
88 857 83828043 
89 659 71714298 
89 167 92812969 
89 809 12717723 
89 792 43060487 
89 718 73856671 
89 955 97463181 
90 501 24104207 
90 936 65256470 
90 387 83399915 
90 98 61071587 
90 673 32036781 
90 302 53557942 
91 516 46024889 
91 899 61157467 
91 458 68841123 
91 927 18702096 
93 312 24641409 
93 896 18556898 
95 416 85324066 
95 125 70059673 
95 357 78181657 
96 320 98022264 
96 923 19450698 
96 770 26688363 
96 848 23816789 
96 717 90274748 
97 162 18909606 
98 860 81512029 
98 586 28563525 
98 524 2535165 
99 849 27918870 
99 557 69364896 
99 692 79879440 
100 750 82793264 
100 337 27079956 
100 322 28606910 
100 773 32950181 
100 532 69543025 
100 591 52694598 
100 634 63826147 
101 970 1225313 
101 662 94911013 
102 495 23374258 
103 440 53308352 
103 939 68876689 
103 767 93145523 
103 564 92806104 
103 934 48813586 
103 164 68371311 
103 143 83500514 
104 547 39518740 
104 324 73125369 
104 131 29756522 
104 257 73534627 
104 446 42631428 
105 398 49215228 
105 674 11888121 
106 198 82592734 
107 706 42294549 
107 648 76041080 
107 497 27051178 
107 816 43632888 
107 802 69504506 
107 804 38919500 
107 257 85800525 
108 640 94942106 
108 564 60005270 
108 180 37314351 
108 277 44850648 
108 601 20971709 
108 719 51634019 
109 148 80101562 
109 584 25709533 
109 960 36087933 
109 431 93391725 
110 312 30673736 
110 426 31476415 
110 281 68550684 
110 716 39419020 
111 385 45466171 
111 133 21064948 
111 816 91501094 
111 628 99346833 
112 969 58581145 
112 224 69111571 
112 704 20312874 
112 310 64932299 
113 787 72441427 
113 614 86774852 
113 631 8997165 
113 918 32528568 
114 427 94168972 
114 570 55560996 
114 223 23985653 
114 777 84802488 
114 473 70864455 
115 891 52014789 
116 627 67749695 
116 421 18752577 
116 301 22560481 
118 739 87201261 
119 742 2846967 
119 432 73192667 
119 183 71327765 
119 574 70504414 
120 186 4231700 
120 529 13737158 
120 474 66168748 
120 754 47359509 
120 741 99946128 
120 586 97193655 
121 624 34966590 
121 131 46730066 
121 365 70593089 
122 814 14123005 
122 524 64355257 
122 939 9501956 
122 295 91621650 
122 467 62995083 
123 719 52331326 
124 763 2061055 
124 938 42363611 
124 472 55745644 
124 558 33274211 
125 331 50403464 
125 186 46515812 
125 986 7222853 
125 952 55387371 
125 489 3917806 
125 423 32810318 
125 879 71025268 
126 892 61548392 
126 778 14183008 
126 649 18838344 
126 651 35346097 
127 700 31958898 
127 716 37859625 
127 450 9133401 
127 598 36564656 
129 597 59510853 
129 676 73030215 
129 783 87568480 
129 310 58749791 
129 723 40208141 
130 626 23936275 
130 253 75984403 
131 149 84832136 
131 992 17986421 
131 913 47541576 
131 287 36272918 
131 693 69380366 
131 416 8774560 
131 420 19380124 
132 240 21442915 
132 883 44058615 
132 961 50406668 
132 991 94340607 
133 561 21972663 
133 577 61551261 
133 184 11216867 
133 235 85911561 
134 388 63925658 
136 839 62236591 
136 621 38535295 
136 206 86752374 
136 518 8955489 
136 872 78332272 
137 680 90909625 
137 730 36728738 
137 892 62983341 
138 290 17937809 
138 280 70540600 
138 516 92319328 
139 921 29701980 
139 472 53008306 
139 265 13385597 
140 551 59286388 
140 916 69337661 
140 333 18998403 
141 302 12299013 
141 470 57219641 
141 351 82395675 
142 184 75125072 
142 380 41620921 
143 989 55212356 
143 724 11036101 
143 787 5767225 
143 720 49294409 
144 294 90941234 
144 169 35046334 
145 425 66322372 
145 880 35937351 
146 527 44384928 
146 808 52017963 
146 395 8814178 
146 449 68123851 
146 732 84409726 
146 927 34217511 
147 250 88119632 
147 690 9307613 
147 963 8664552 
147 658 83622978 
148 544 89146392 
149 508 33432535 
149 644 44926287 
149 817 12907348 
149 298 99839437 
149 956 84904720 
150 862 36181160 
151 527 45707895 
151 996 26409167 
152 967 34398817 
152 538 71189179 
152 376 25409826 
152 554 96978304 
152 352 77451503 
152 685 91574447 
153 282 85309482 
153 337 26330731 
153 803 6025050 
153 168 29750085 
153 782 78160444 
154 877 17788789 
154 890 74956591 
154 339 31095939 
154 654 23228404 
154 275 6432788 
155 479 74271025 
155 649 90784570 
156 163 82009448 
156 317 61336389 
157 943 6726861 
157 992 89430890 
157 283 51099801 
158 674 15824232 
158 718 35791895 
158 909 76566441 
159 620 76746546 
159 986 75609514 
159 487 73652367 
160 656 96290091 
160 923 57374613 
160 747 78157962 
160 174 40108619 
161 894 24752285 
161 435 25413979 
161 176 68768830 
162 898 77609851 
162 819 4893044 
163 466 67780123 
163 928 36225878 
163 543 78684878 
164 887 23485100 
164 963 7586310 
165 442 34300583 
165 789 97145402 
165 627 9945910 
165 364 46984754 
165 755 72424070 
166 835 18591322 
166 958 94944133 
167 998 5967086 
168 553 31976385 
168 837 62214969 
168 722 53111767 
168 800 61918003 
168 508 58946738 
168 720 2592071 
170 373 73066905 
170 951 9772751 
170 253 17368965 
170 497 81951585 
170 586 70907207 
170 402 38408906 
171 873 433208 
171 802 36883451 
172 774 66957157 
172 486 69765539 
172 246 52526859 
172 209 39777116 
173 802 75347812 
173 560 74529728 
173 488 7052880 
173 690 30567300 
173 178 10358323 
174 652 46913425 
174 611 48446591 
174 969 21597226 
174 457 80782584 
174 255 41047351 
174 224 80747642 
174 363 42411747 
175 981 97759773 
175 279 81110259 
175 650 3621395 
176 378 21658152 
176 989 83676588 
176 946 33893598 
177 638 67796691 
177 529 75971290 
177 433 32431926 
177 967 38325490 
177 499 1603429 
178 866 44287867 
178 661 52828243 
179 439 32337596 
179 468 6971050 
179 509 36170633 
180 357 85668861 
181 910 35140745 
181 214 12023969 
181 636 67324432 
181 447 26101729 
181 271 55099161 
182 734 45128990 
182 279 88357817 
182 741 86882609 
182 687 569786 
183 473 48594402 
183 552 47921080 
183 981 63746462 
183 915 21402430 
183 855 97407879 
184 558 98008487 
184 345 62375790 
185 927 23813890 
185 976 79591328 
185 515 23718268 
185 240 84397575 
185 591 31980544 
185 410 58518572 
186 205 96401484 
186 973 64241268 
186 742 90402790 
186 479 3199413 
187 743 50700457 
187 223 93121990 
187 368 69175195 
188 539 389324 
188 426 13797019 
188 216 83287924 
189 513 10828177 
189 374 4745335 
189 794 83372854 
189 692 57033102 
189 715 12887689 
189 559 78241994 
189 487 71824886 
190 938 70428939 
190 806 96789069 
190 900 77654369 
191 749 75494537 
192 409 532715 
193 662 23815928 
193 429 41333299 
193 728 10468960 
194 655 55000276 
195 283 94528072 
195 704 19034650 
195 905 88631684 
196 782 57667155 
197 573 920151 
197 470 20737968 
197 958 51130529 
197 625 76836877 
198 828 41343595 
198 998 99556203 
198 344 81077960 
199 356 7875739 
199 208 56767717 
199 692 77728616 
199 448 80509242 
199 560 78243778 
199 686 4394806 
199 499 96001946 
200 638 16458405 
200 425 87738173 
200 699 53050350 
201 826 28416496 
201 214 7310684 
201 780 3572091 
201 250 75469874 
201 564 32311943 
201 293 95072190 
201 840 63905732 
201 552 35326310 
201 415 73652077 
201 642 56954266 
202 531 8250252 
202 638 88130315 
202 341 96342212 
202 419 24820325 
203 334 83369160 
203 370 12152060 
203 493 38105854 
203 708 74239602 
204 247 72131220 
204 599 23603030 
204 782 99190294 
205 963 65516821 
205 306 26941205 
205 669 41639192 
205 616 17067139 
205 507 78203752 
206 696 8669021 
206 798 60351334 
206 984 4483237 
206 331 43968292 
206 954 53609755 
206 240 35322975 
207 326 17989926 
207 560 7403339 
209 690 9403447 
210 459 93624120 
211 705 79609 
211 676 49134305 
211 376 43377504 
211 905 48824512 
211 742 42462927 
212 671 81619058 
212 638 34676913 
212 847 95749317 
212 431 62453423 
212 927 43505050 
212 358 45563376 
212 374 67542012 
213 749 98874544 
213 930 43409017 
213 417 81103875 
213 520 66203363 
213 341 36298040 
214 385 7850783 
214 902 4113052 
214 307 78053178 
215 999 24787703 
215 684 59287895 
215 525 29629612 
216 738 31078868 
216 591 80998320 
217 666 26610414 
218 261 62113781 
218 775 7530245 
218 908 43576808 
218 285 46849356 
218 504 96906606 
219 250 48360492 
220 496 77013204 
220 923 38711388 
220 460 85624272 
220 744 72165199 
221 517 71395712 
221 864 84695791 
221 750 80827873 
221 442 18678923 
221 402 93813532 
222 546 25824599 
222 526 92935617 
222 713 87849520 
222 606 76963505 
222 437 8818176 
222 878 89722391 
222 901 38507494 
223 268 50034618 
223 951 24900056 
223 490 6830224 
224 349 56880538 
225 995 55894824 
226 355 10583994 
227 321 36676485 
227 430 57128440 
227 397 62268606 
228 633 11583363 
229 604 12867465 
229 986 30769519 
230 314 35326692 
231 417 80195207 
231 288 82623064 
231 780 10469929 
232 981 46428832 
232 841 27007421 
232 875 55222104 
233 445 19889633 
233 474 78713694 
233 475 12318573 
233 548 50571035 
233 340 8185058 
233 643 75006278 
234 597 54379691 
234 989 69615072 
235 989 93611158 
235 669 97087766 
235 526 58555164 
236 915 46557423 
236 381 43484647 
236 624 90143506 
236 846 84713074 
236 917 87783225 
236 411 81921705 
236 832 44376074 
236 907 7672554 
236 708 6499190 
236 811 64904648 
237 972 28660827 
237 273 14232595 
237 612 10541259 
238 800 80369233 
238 247 72650300 
238 305 77077975 
238 806 18198115 
239 930 58941878 
240 848 68169931 
240 909 3430650 
240 648 69494456 
241 439 57911991 
241 290 75787632 
242 578 64897527 
242 824 79309512 
242 714 88622982 
243 409 34961850 
243 802 35812505 
243 490 42887504 
244 898 75338198 
244 407 43432054 
244 298 11531726 
244 381 23670650 
244 368 20397998 
245 283 12225415 
245 546 64590653 
246 881 50605630 
246 766 31784489 
246 823 59356476 
247 457 20772972 
247 702 21828815 
247 416 6246855 
248 739 45828012 
248 780 63394755 
248 672 68829629 
248 548 53726435 
248 676 48411767 
249 829 73133264 
249 259 83473953 
249 507 38797858 
249 848 22477319 
249 444 33032209 
249 648 89001858 
250 282 82876925 
250 569 96461370 
251 784 2702163 
252 747 37079539 
252 643 71799915 
252 638 23016979 
252 897 75401482 
253 775 20573012 
253 718 14413541 
254 664 86041539 
254 294 37693104 
254 958 41785866 
254 881 72437321 
254 701 84300816 
255 272 84430775 
255 269 96790699 
256 521 76111244 
257 989 44887877 
257 329 17360026 
257 363 99755894 
259 919 12563658 
260 468 55244197 
260 612 71564779 
260 476 75651410 
260 316 20761258 
261 474 4794946 
261 937 62445178 
261 731 33767332 
261 833 92957953 
261 314 27482141 
261 452 90744295 
262 927 12198280 
262 523 81367416 
262 509 43805463 
263 347 45184516 
263 552 46552502 
263 467 42978398 
264 297 66423751 
264 720 60236973 
264 691 95503639 
264 675 22928086 
265 916 11037387 
265 629 71772483 
265 954 58706381 
266 588 88427892 
266 289 65586743 
267 825 58629388 
267 925 41669591 
267 713 46616896 
267 279 33255956 
267 347 79777122 
268 337 45472255 
269 977 66021022 
269 932 42131972 
270 634 36001028 
270 607 45105320 
270 477 15460261 
271 553 67113060 
271 432 81972215 
272 531 38494587 
272 785 90941838 
272 741 89290426 
273 899 61216601 
273 327 53431971 
273 356 93065544 
273 969 22309291 
273 314 19013512 
273 626 11783823 
274 947 15938542 
274 798 12060022 
274 578 56341817 
274 451 44269807 
275 505 51603102 
275 295 19784723 
275 865 96059526 
276 832 72642684 
276 551 36277453 
276 648 70615466 
276 299 36088188 
276 679 6895578 
277 937 22597983 
277 888 91868123 
277 692 21766384 
278 960 48952069 
278 421 73314632 
279 921 52620306 
279 444 89747461 
279 368 63833533 
280 403 60311834 
280 584 10322731 
280 422 37125802 
281 353 32715633 
281 340 13295061 
281 725 49295329 
281 531 64979638 
281 331 10665650 
281 934 41939661 
282 468 43491989 
282 911 98376703 
284 382 34416987 
285 447 45785426 
285 905 96564226 
285 893 67358411 
285 659 65352828 
285 759 10245279 
285 656 38813769 
286 832 63203366 
286 773 18599461 
286 830 57788067 
286 683 52715798 
287 482 97843545 
287 523 24717201 
287 960 62085528 
287 640 8908039 
288 937 55311880 
288 880 67233109 
290 485 16448967 
290 928 25335520 
290 858 20708486 
290 916 38148709 
290 580 77813710 
290 768 98603897 
291 556 83990342 
291 377 30600778 
291 523 98871807 
291 883 17118491 
291 809 57299740 
292 834 61052641 
292 530 61284133 
293 983 8855174 
293 347 72213494 
293 817 79477645 
293 607 7427147 
294 608 49040050 
294 991 68492812 
294 598 72555937 
295 397 77938797 
295 696 4347269 
296 457 20120153 
296 566 25821011 
296 384 13911807 
296 385 58922334 
296 462 44652225 
297 769 87184726 
297 709 20474657 
298 650 58389676 
298 386 37611614 
298 667 13014312 
298 509 20317482 
300 538 11348403 
300 430 41161559 
300 958 9585206 
301 618 4676517 
301 861 42814428 
302 779 34069331 
302 384 37865683 
303 590 77631989 
303 498 17267437 
303 640 3187902 
305 829 78701409 
305 361 44451242 
305 412 66733261 
306 773 72752242 
307 684 5104297 
307 795 81043301 
307 612 13982843 
307 391 98458434 
308 851 69989994 
308 881 10258726 
308 926 56515590 
309 559 2094436 
309 583 18726909 
310 488 64619152 
310 331 47714066 
311 597 54225362 
313 722 93376538 
314 514 11762627 
315 522 20011678 
315 674 27721448 
315 759 13340270 
316 848 94722615 
316 389 85469942 
316 659 82291195 
316 919 24849086 
316 594 53820642 
318 978 54011584 
318 747 86824765 
318 970 59642829 
318 922 27204630 
319 521 50325442 
320 704 57008913 
320 712 94652867 
321 675 32009378 
322 741 83193761 
322 858 72181697 
323 767 50229213 
323 443 18985746 
323 960 1227191 
323 818 30759294 
323 393 61991635 
324 955 99029051 
324 527 23806451 
324 969 5573323 
326 400 73982848 
326 829 63510666 
327 778 77317823 
327 633 37364038 
327 532 82747110 
327 454 73042855 
328 383 60840986 
328 492 82151280 
328 689 75948951 
329 608 12248960 
329 746 10044580 
329 990 64150736 
329 630 39709254 
329 879 52826332 
329 798 8260759 
330 994 59341166 
331 604 5569789 
332 360 68665753 
333 590 28161603 
333 831 77921646 
333 462 25138243 
334 541 73093040 
334 920 29772848 
334 513 10025376 
334 562 237753 
334 655 44110316 
334 385 50958539 
335 906 49217399 
335 697 42698283 
335 571 95676227 
336 862 20149191 
336 660 60474390 
337 795 86652957 
337 722 72246364 
338 492 83940161 
338 621 61234296 
340 520 25857390 
340 854 74957803 
340 826 61215160 
340 859 26760976 
340 891 86721898 
340 435 25295682 
341 986 78517966 
341 663 46942344 
342 827 63266103 
343 365 38618228 
343 603 23409214 
343 719 85558337 
343 909 61502825 
345 526 90017058 
345 576 56161829 
345 582 64003761 
345 568 9801119 
345 460 72166367 
346 642 13884388 
346 538 76331093 
346 964 59480323 
346 772 39852057 
346 751 74252330 
346 862 22399864 
347 493 87335586 
347 896 52080646 
348 668 52797938 
348 992 14622070 
349 494 33730388 
349 399 56621016 
349 695 41359233 
350 792 81721961 
350 640 84323540 
350 765 34272567 
350 994 60860378 
350 468 61449185 
351 417 85057621 
351 601 33465956 
351 384 84314274 
352 510 32434903 
352 460 23560496 
352 820 20565795 
353 841 5041838 
353 525 76714771 
355 841 98667909 
356 446 35740032 
356 415 65978413 
357 748 37224877 
357 594 30912127 
357 781 20725679 
358 392 36929103 
358 766 73831296 
359 712 22362942 
359 710 6491292 
359 685 55843567 
360 767 48448048 
360 763 54311147 
361 374 39818926 
361 716 54188704 
362 834 73624728 
363 563 99931101 
363 401 13416886 
363 816 3861738 
363 992 64405838 
365 841 31723716 
365 627 26687001 
365 729 21062242 
365 991 17990035 
365 694 11274146 
366 512 10968998 
366 808 46505651 
367 966 56360447 
367 685 19024728 
367 801 99522916 
367 983 69788489 
368 764 83470948 
368 647 92792078 
368 380 40269696 
368 584 89686971 
368 544 3289738 
368 990 4396026 
368 387 51596466 
369 432 21584990 
369 723 95590326 
370 468 5077714 
370 737 65623410 
370 664 76943154 
370 817 61737058 
370 958 83553121 
371 938 99265916 
371 717 75749389 
371 606 46156444 
371 781 51887232 
372 866 4959659 
372 978 37048308 
372 562 87864996 
373 699 77625226 
373 445 4352682 
374 916 47572516 
374 865 60506579 
375 759 35878863 
375 575 25227247 
375 689 67520493 
375 828 38369455 
376 687 5187695 
377 843 77796980 
377 997 40937895 
377 715 68265089 
377 551 44958155 
378 644 98246407 
378 933 90461601 
378 412 78888530 
378 554 50247140 
379 490 37151742 
379 498 11264774 
379 570 38862298 
379 610 90440229 
379 813 39933857 
380 952 16697424 
380 723 56869127 
381 516 88626243 
382 839 5637464 
382 827 43053506 
382 549 26393296 
383 593 78176534 
383 762 99743864 
384 521 42540094 
384 797 74073164 
384 390 56899407 
384 784 98046748 
385 859 86078742 
385 888 49798105 
385 488 96937706 
386 394 37462477 
386 570 83901768 
387 789 94812818 
387 492 77531331 
387 578 65711571 
388 442 23627088 
388 512 53772701 
388 701 69387382 
388 587 7163331 
388 725 25121885 
388 881 8527130 
388 408 77501873 
389 402 75590692 
389 986 24733884 
390 967 59212659 
390 846 51508184 
391 456 77976515 
391 589 41723874 
391 778 31371827 
392 812 82340244 
392 729 52414564 
392 713 26608091 
392 807 1036152 
392 759 58003155 
393 681 35057439 
393 474 86920307 
393 989 70135749 
394 650 41121140 
394 479 41133635 
394 420 52863487 
395 843 20419568 
395 507 26997042 
396 419 3981422 
396 628 2166294 
396 752 69994136 
396 615 61295500 
397 915 9696526 
397 679 9036732 
398 724 32063595 
398 578 5294167 
399 777 38275640 
399 982 96383324 
399 759 20342873 
399 985 74016885 
399 626 43337659 
400 768 29709145 
400 739 89862297 
401 679 9185012 
401 583 35376962 
401 904 9374270 
402 497 78135296 
403 852 33225992 
404 538 79942695 
404 476 20227477 
404 412 20382158 
404 896 92833049 
405 993 74665179 
405 811 78445207 
406 785 17001825 
407 744 35677824 
407 854 74189296 
409 530 69100416 
409 791 47243998 
410 874 65421964 
410 584 39677645 
410 545 23991862 
411 506 25299294 
411 946 8920656 
412 738 92787534 
413 878 90557534 
413 734 36258433 
413 646 64756513 
414 748 51417184 
414 959 10154608 
414 675 87661675 
415 703 99839705 
415 985 49516761 
417 857 43842909 
418 663 54035347 
418 667 18536307 
418 854 23223708 
418 731 83522998 
418 695 82890370 
418 440 80872282 
418 923 95994657 
419 749 42531735 
419 814 93974492 
421 781 76659100 
422 948 73340732 
422 916 57285115 
422 473 2133441 
422 560 76364483 
422 457 91962389 
423 980 76211083 
424 434 67672296 
424 460 91212948 
424 678 8815346 
425 496 78428964 
426 462 47981290 
426 789 13792402 
428 517 17682289 
428 951 99034521 
428 435 79077744 
428 683 50797148 
428 811 36712168 
428 433 57658995 
429 647 74340535 
429 854 37849765 
430 778 92827894 
430 553 34366058 
431 944 58018814 
432 953 7578377 
432 924 16042063 
432 829 49473866 
432 862 12058217 
433 889 73437679 
433 628 15213081 
433 597 76020011 
434 848 78632189 
434 671 98451996 
434 590 45594340 
434 681 38797401 
434 713 93590307 
436 802 5971108 
436 596 57058776 
436 685 26519254 
436 801 48811260 
436 878 57283706 
437 920 24758029 
438 856 61505557 
438 618 11646210 
438 896 22305249 
438 545 45167371 
439 891 17169802 
439 574 20245981 
439 945 38078309 
440 990 62165090 
440 912 8430261 
440 788 62941499 
441 895 17861566 
442 949 48919977 
443 974 9966448 
443 990 89487328 
443 659 56098528 
444 785 30746903 
444 789 63818562 
444 953 91882636 
445 457 22787499 
446 573 12406514 
446 963 16861634 
446 625 17044859 
448 730 8680128 
449 863 89171873 
449 547 76097980 
449 498 93620422 
450 883 14688791 
450 518 78863361 
451 749 9210297 
451 786 29023195 
452 740 7830846 
452 591 91515118 
453 565 40632601 
454 530 54204626 
454 667 52747669 
455 611 58177764 
455 763 72692405 
455 772 13961040 
455 851 83016730 
455 941 86565121 
457 793 18974125 
457 727 94409445 
458 530 21887649 
459 810 97572331 
459 547 31202879 
459 683 70616270 
460 556 41989716 
460 877 68349351 
463 983 20380410 
463 558 87581815 
463 761 74909447 
464 790 23635277 
464 808 77161516 
464 881 74482903 
465 748 44908073 
465 482 6899161 
465 915 71915769 
465 647 25735463 
467 503 37358990 
467 930 8500937 
469 775 35616494 
469 697 12003300 
469 761 2005241 
470 694 26858105 
470 825 1145249 
470 876 98678833 
471 785 17560085 
471 500 30849623 
472 734 7105658 
473 751 16372184 
473 761 39166248 
473 619 37336186 
473 907 85817208 
474 734 78057475 
475 634 94896263 
475 817 12823297 
476 737 35119602 
476 984 38719340 
476 621 91093702 
476 578 61390665 
477 818 23896737 
477 892 59626877 
478 479 60921333 
478 775 41497497 
478 977 46464003 
479 771 35813122 
479 738 23824583 
479 707 37704346 
480 984 26783110 
480 684 35911116 
480 699 63171330 
481 531 26552870 
481 703 48346060 
482 659 43590399 
482 994 39689386 
482 495 1331827 
484 670 48112448 
484 967 84358167 
485 867 74303260 
485 794 73561187 
486 816 20550358 
487 602 38794916 
487 550 50912312 
487 788 24944184 
487 588 70147117 
487 844 2578431 
488 628 7862697 
489 876 11629379 
490 892 47891370 
490 664 72784340 
491 685 59815498 
492 899 56920285 
492 538 74575313 
493 499 7572000 
494 558 74661398 
495 656 95945270 
496 636 73435120 
496 634 79012312 
496 749 26785268 
496 597 68914235 
496 812 95573635 
497 738 28921551 
497 527 33193035 
497 500 57663060 
497 603 66207572 
498 998 96982268 
498 541 39098891 
499 691 26455221 
499 912 6734858 
499 918 15172971 
499 776 58993610 
499 627 10524576 
500 610 37944091 
500 735 63685800 
501 673 9869649 
501 614 56891691 
502 524 60445396 
502 541 53042617 
503 899 36048643 
503 638 13106467 
503 745 41364941 
504 562 84598783 
505 920 54968670 
505 981 46131939 
506 939 53335081 
506 842 89914961 
506 932 9625692 
507 704 21408155 
508 976 53202812 
508 971 32965479 
509 798 42080086 
512 925 70136804 
512 888 16561670 
512 936 72666305 
513 889 12172155 
513 955 12363223 
514 859 29967689 
514 643 28490704 
514 750 17587546 
514 946 40495807 
514 926 93957502 
515 770 67428609 
515 835 43605737 
515 664 75261991 
516 957 32476558 
516 689 45340092 
518 540 6191026 
518 826 67680203 
519 580 34858561 
519 898 73815599 
520 955 41943986 
520 564 13529184 
521 938 67682025 
521 793 86076474 
521 992 9912886 
522 836 48061916 
522 939 66862058 
522 901 26157328 
523 832 10376398 
523 771 98052336 
523 881 55439308 
523 561 58118492 
524 839 30249646 
524 754 54774566 
524 860 644140 
525 916 42371421 
525 915 80826066 
525 646 82099052 
526 908 63911763 
527 923 36417595 
527 829 25771585 
527 902 98782303 
527 705 19240360 
527 718 78624727 
528 876 29747640 
528 973 67226095 
528 970 63751016 
528 807 80604433 
529 792 44797812 
530 891 40798338 
530 885 27114821 
530 598 39170246 
530 833 88440194 
530 533 82655594 
531 994 78050864 
532 732 88383709 
532 559 95991401 
532 852 66010446 
533 845 42462659 
533 749 38378144 
533 712 2091279 
534 580 44759775 
535 737 16656131 
536 555 53413263 
536 600 85747116 
537 807 91801027 
537 850 55119517 
537 667 15452081 
539 855 90020229 
540 734 49073426 
540 769 51503621 
541 906 38748897 
542 610 9374653 
544 930 17953172 
545 923 82090815 
545 879 72654500 
545 671 34405742 
546 906 38334559 
546 751 670838 
549 916 95863859 
549 571 42767986 
549 684 35876705 
550 871 66496888 
551 956 22730313 
552 568 73089837 
553 814 5812700 
554 868 60723663 
555 766 12786800 
556 684 65918355 
556 564 97478156 
557 847 1620770 
558 857 4271939 
559 654 47767857 
560 935 81363612 
560 799 16258034 
562 741 47811494 
562 893 6698866 
562 821 8681280 
563 611 56373582 
563 849 68686521 
563 788 12912051 
564 582 98987998 
564 639 60779989 
565 782 6077149 
566 637 14894494 
567 967 31145269 
568 637 93519114 
568 829 84171933 
569 705 41864059 
569 854 10538002 
569 963 16470418 
570 864 8815387 
570 851 42306407 
570 812 26405664 
571 909 65323424 
571 847 21464750 
571 725 11647106 
571 625 72095803 
573 892 32774131 
573 638 72314651 
574 575 82171227 
574 821 49772946 
574 723 39528758 
576 867 49642794 
576 577 14776987 
576 782 38610390 
576 799 12598065 
577 961 38898455 
577 730 34906997 
577 776 79274361 
577 769 64525499 
578 782 8743342 
578 720 3156225 
578 842 91015281 
580 819 92285784 
581 616 3337177 
581 940 91888743 
584 853 81412145 
585 807 75506363 
585 955 15364423 
585 918 88960746 
587 757 75427838 
588 610 44948805 
588 773 80192161 
588 909 82661183 
589 991 65813800 
590 958 45284367 
590 889 65164775 
591 945 29908650 
592 690 56527539 
593 889 29856607 
594 922 27873328 
595 602 84932345 
595 981 29226713 
597 848 41304979 
598 706 88205950 
598 880 89431753 
599 956 78771336 
601 789 27469678 
601 953 29423759 
603 865 67085065 
604 883 97783507 
604 634 85282829 
604 986 15659139 
605 760 81763760 
606 848 79748667 
606 669 22448109 
607 717 78756038 
608 958 31424235 
609 616 41572446 
609 811 76104368 
611 925 96416811 
611 633 83894936 
611 657 60695476 
612 718 78538156 
612 679 64672487 
612 924 68474498 
612 905 68959474 
615 766 3706893 
616 850 26826317 
616 845 35504150 
616 983 53109431 
617 649 88209097 
618 718 85432485 
618 979 64569573 
622 671 53339234 
623 755 89881881 
624 823 41294116 
626 683 49168279 
626 767 85408784 
627 961 49179280 
628 875 50089238 
630 682 29279167 
631 856 70005696 
631 880 96913978 
632 663 59838822 
632 844 49816436 
633 653 88954723 
634 816 28169610 
635 833 30931063 
635 977 42312308 
635 969 32504864 
636 897 75703780 
636 766 40990564 
637 844 53018277 
637 702 96676566 
638 937 97686295 
638 826 49619352 
638 910 50798341 
639 869 61716537 
640 973 96979106 
640 774 1130980 
640 734 61933273 
641 967 93042941 
643 911 46874155 
643 685 21001088 
643 906 27142338 
644 656 5571542 
645 871 68959243 
645 760 98058959 
647 730 91625087 
647 663 20966640 
648 851 91075049 
648 687 20619827 
648 868 32998550 
649 947 81555115 
650 789 45274322 
650 856 42990739 
651 714 55395487 
652 963 83116843 
652 761 96706302 
653 963 58912731 
654 659 64070543 
654 754 46904191 
654 956 9197915 
656 920 5700624 
656 679 92601707 
656 852 78180331 
657 774 20588588 
657 788 83428351 
659 872 91175556 
660 672 50596165 
662 992 13140191 
662 842 65482687 
662 993 18856581 
662 733 62303109 
662 813 26218909 
664 949 59800380 
664 725 22786994 
665 682 54562017 
666 912 34029404 
668 826 34523586 
668 763 86191294 
670 933 92138564 
671 729 30980393 
671 753 63920771 
671 837 83468765 
672 887 63548499 
673 887 16016860 
674 841 21172961 
674 966 88398762 
676 890 92581088 
678 740 37718023 
678 712 98437106 
680 967 61985279 
682 720 7050748 
682 693 50872608 
684 915 48361948 
686 900 62555494 
687 979 64791605 
687 874 20592492 
687 860 58573927 
688 923 39332832 
689 926 57930211 
689 705 58234320 
690 875 9686123 
692 996 18790006 
692 968 4861235 
692 756 91882511 
693 920 35080652 
693 977 61912402 
693 936 29996849 
693 727 60639050 
693 762 93526037 
694 860 1676983 
697 719 5327657 
697 958 44806540 
698 975 24450803 
698 821 49905995 
699 798 27117484 
700 767 80315824 
700 789 41169209 
701 845 75502462 
701 870 40346447 
701 867 11153729 
701 950 52730486 
702 951 51908516 
702 784 33762666 
703 710 15822181 
704 914 99586582 
704 728 63145156 
704 784 51292812 
707 906 95803182 
707 881 33087616 
708 846 86234528 
709 881 4000489 
710 793 393624 
710 713 40299994 
710 784 94521296 
711 962 3938471 
711 882 89840017 
711 820 45444486 
711 906 8534150 
712 942 76361266 
713 816 59905571 
714 854 44706381 
715 878 68882793 
716 810 80000787 
716 718 24885698 
718 746 83033104 
719 731 32779674 
719 973 90704169 
719 809 65354735 
719 909 64276924 
720 826 63298901 
721 929 42028905 
722 772 3318344 
724 795 66399059 
724 966 47875808 
727 804 52988337 
729 795 88081836 
729 891 64462892 
729 754 65924479 
730 901 78264730 
730 905 64662240 
730 910 91529226 
733 878 74485206 
733 978 41156279 
736 971 99552333 
736 943 9842518 
737 766 61032233 
737 807 32308477 
738 956 23239651 
738 844 5152037 
738 771 49264768 
739 902 17619852 
741 968 95573996 
742 812 13533399 
742 883 91826355 
742 951 54995274 
743 986 97049810 
744 880 21474228 
747 925 52847263 
747 901 15937505 
747 856 62593045 
748 891 53083109 
750 781 8527885 
751 893 58681472 
751 766 14150413 
751 991 29857935 
752 854 56133006 
752 812 20555187 
753 862 91785452 
753 944 79084789 
753 786 22875921 
754 914 44094034 
755 876 52047358 
755 804 24243964 
755 868 16258762 
756 825 28250817 
756 949 36994789 
756 982 77033942 
757 985 67464346 
760 888 16621402 
762 982 15158459 
763 920 49605125 
763 968 24496449 
764 786 62225732 
765 959 16305638 
765 814 57294212 
766 914 28062273 
766 922 37164532 
767 799 52171367 
769 876 56622266 
770 830 2048478 
771 851 13265634 
773 808 18899896 
773 828 55032490 
774 786 57197863 
774 816 82655529 
776 869 8909858 
777 989 81637461 
777 964 11170487 
778 864 64781673 
778 957 82403517 
779 885 8978093 
780 981 56821504 
781 902 79487130 
782 956 88591572 
783 931 66826903 
788 962 89887032 
790 974 56069123 
793 973 31632006 
797 870 26367465 
799 900 59823615 
799 922 84395958 
802 910 10680000 
803 987 85075378 
804 998 16392715 
804 987 71365395 
806 959 45428908 
810 917 34848243 
810 907 33569130 
813 871 35926390 
814 996 50316879 
816 902 18256021 
817 975 41116653 
817 949 85970986 
818 837 20311408 
818 880 57712223 
820 942 86742717 
822 930 23064897 
823 998 84282593 
823 862 74249312 
824 913 57412082 
825 835 10968978 
825 844 37468101 
825 865 85264903 
826 912 76174448 
832 934 34053264 
835 872 24785666 
836 937 90917003 
839 939 19122102 
842 931 90001876 
843 872 65875167 
844 867 20568568 
844 871 16453346 
845 868 64368200 
847 882 95424807 
848 990 78127060 
848 894 94396766 
849 964 13462583 
850 935 42619108 
850 865 98149735 
851 991 12772231 
853 991 22781664 
853 974 61218411 
856 958 38916060 
856 882 23508038 
857 868 79431897 
859 884 30348953 
859 909 32034142 
861 927 40564130 
862 894 73379172 
863 941 32237431 
864 915 87704310 
867 986 99377832 
868 971 27478081 
871 956 83109587 
873 992 25714528 
874 978 3370199 
878 976 28969351 
881 957 37756525 
882 942 41834602 
884 905 57947791 
892 919 95251341 
894 940 55083404 
895 943 99355614 
900 992 21111289 
905 947 78994121 
905 958 71039119 
908 987 83065413 
919 923 40554112 
944 999 64277936 
951 992 43683220 
960 988 79120458 
963 998 9399805 
