200 200
11110111101100111011100011000001101000101010111000001111010111010101011010001110001010000011101000011000010111011001101000001100010000111100000000011000111011100001001001100101011100111011110110101001
11110111101100111011100011000001101000101010111000001111010111010101011010001110001010000011101000011000010111011001101000001100010000111100000000011000111011100001001001100101011100111011110110101001
11110111101100111011100011000001101000101010111000001111010111010101011010001110001010000011101000011000010111011001101000001100010000111100000000011000111011100001001001100101011100111011110110101001
11110111101100111011100011000001101000101010111000001111010111010101011010001110001010000011101000011000010111011001101000001100010000111100000000011000111011100001001001100101011100111011110110101001
00001000010011000100011100111110010111010101000111110000101000101010100101110001110101111100010111100111101000100110010111110011101111000011111111100111000100011110110110011010100011000100001001010110
11110111101100111011100011000001101000101010111000001111010111010101011010001110001010000011101000011000010111011001101000001100010000111100000000011000111011100001001001100101011100111011110110101001
11110111101100111011100011000001101000101010111000001111010111010101011010001110001010000011101000011000010111011001101000001100010000111100000000011000111011100001001001100101011100111011110110101001
11110111101100111011100011000001101000101010111000001111010111010101011010001110001010000011101000011000010111011001101000001100010000111100000000011000111011100001001001100101011100111011110110101001
11110111101100111011100011000001101000101010111000001111010111010101011010001110001010000011101000011000010111011001101000001100010000111100000000011000111011100001001001100101011100111011110110101001
00001000010011000100011100111110010111010101000111110000101000101010100101110001110101111100010111100111101000100110010111110011101111000011111111100111000100011110110110011010100011000100001001010110
11110111101100111011100011000001101000101010111000001111010111010101011010001110001010000011101000011000010111011001101000001100010000111100000000011000111011100001001001100101011100111011110110101001
11110111101100111011100011000001101000101010111000001111010111010101011010001110001010000011101000011000010111011001101000001100010000111100000000011000111011100001001001100101011100111011110110101001
00001000010011000100011100111110010111010101000111110000101000101010100101110001110101111100010111100111101000100110010111110011101111000011111111100111000100011110110110011010100011000100001001010110
00001000010011000100011100111110010111010101000111110000101000101010100101110001110101111100010111100111101000100110010111110011101111000011111111100111000100011110110110011010100011000100001001010110
11110111101100111011100011000001101000101010111000001111010111010101011010001110001010000011101000011000010111011001101000001100010000111100000000011000111011100001001001100101011100111011110110101001
11110111101100111011100011000001101000101010111000001111010111010101011010001110001010000011101000011000010111011001101000001100010000111100000000011000111011100001001001100101011100111011110110101001
11110111101100111011100011000001101000101010111000001111010111010101011010001110001010000011101000011000010111011001101000001100010000111100000000011000111011100001001001100101011100111011110110101001
00001000010011000100011100111110010111010101000111110000101000101010100101110001110101111100010111100111101000100110010111110011101111000011111111100111000100011110110110011010100011000100001001010110
11110111101100111011100011000001101000101010111000001111010111010101011010001110001010000011101000011000010111011001101000001100010000111100000000011000111011100001001001100101011100111011110110101001
11110111101100111011100011000001101000101010111000001111010111010101011010001110001010000011101000011000010111011001101000001100010000111100000000011000111011100001001001100101011100111011110110101001
11110111101100111011100011000001101000101010111000001111010111010101011010001110001010000011101000011000010111011001101000001100010000111100000000011000111011100001001001100101011100111011110110101001
00001000010011000100011100111110010111010101000111110000101000101010100101110001110101111100010111100111101000100110010111110011101111000011111111100111000100011110110110011010100011000100001001010110
00001000010011000100011100111110010111010101000111110000101000101010100101110001110101111100010111100111101000100110010111110011101111000011111111100111000100011110110110011010100011000100001001010110
00001000010011000100011100111110010111010101000111110000101000101010100101110001110101111100010111100111101000100110010111110011101111000011111111100111000100011110110110011010100011000100001001010110
11110111101100111011100011000001101000101010111000001111010111010101011010001110001010000011101000011000010111011001101000001100010000111100000000011000111011100001001001100101011100111011110110101001
11110111101100111011100011000001101000101010111000001111010111010101011010001110001010000011101000011000010111011001101000001100010000111100000000011000111011100001001001100101011100111011110110101001
00001000010011000100011100111110010111010101000111110000101000101010100101110001110101111100010111100111101000100110010111110011101111000011111111100111000100011110110110011010100011000100001001010110
00001000010011000100011100111110010111010101000111110000101000101010100101110001110101111100010111100111101000100110010111110011101111000011111111100111000100011110110110011010100011000100001001010110
00001000010011000100011100111110010111010101000111110000101000101010100101110001110101111100010111100111101000100110010111110011101111000011111111100111000100011110110110011010100011000100001001010110
00001000010011000100011100111110010111010101000111110000101000101010100101110001110101111100010111100111101000100110010111110011101111000011111111100111000100011110110110011010100011000100001001010110
00001000010011000100011100111110010111010101000111110000101000101010100101110001110101111100010111100111101000100110010111110011101111000011111111100111000100011110110110011010100011000100001001010110
11110111101100111011100011000001101000101010111000001111010111010101011010001110001010000011101000011000010111011001101000001100010000111100000000011000111011100001001001100101011100111011110110101001
11110111101100111011100011000001101000101010111000001111010111010101011010001110001010000011101000011000010111011001101000001100010000111100000000011000111011100001001001100101011100111011110110101001
00001000010011000100011100111110010111010101000111110000101000101010100101110001110101111100010111100111101000100110010111110011101111000011111111100111000100011110110110011010100011000100001001010110
11110111101100111011100011000001101000101010111000001111010111010101011010001110001010000011101000011000010111011001101000001100010000111100000000011000111011100001001001100101011100111011110110101001
00001000010011000100011100111110010111010101000111110000101000101010100101110001110101111100010111100111101000100110010111110011101111000011111111100111000100011110110110011010100011000100001001010110
00001000010011000100011100111110010111010101000111110000101000101010100101110001110101111100010111100111101000100110010111110011101111000011111111100111000100011110110110011010100011000100001001010110
00001000010011000100011100111110010111010101000111110000101000101010100101110001110101111100010111100111101000100110010111110011101111000011111111100111000100011110110110011010100011000100001001010110
11110111101100111011100011000001101000101010111000001111010111010101011010001110001010000011101000011000010111011001101000001100010000111100000000011000111011100001001001100101011100111011110110101001
00001000010011000100011100111110010111010101000111110000101000101010100101110001110101111100010111100111101000100110010111110011101111000011111111100111000100011110110110011010100011000100001001010110
11110111101100111011100011000001101000101010111000001111010111010101011010001110001010000011101000011000010111011001101000001100010000111100000000011000111011100001001001100101011100111011110110101001
00001000010011000100011100111110010111010101000111110000101000101010100101110001110101111100010111100111101000100110010111110011101111001011111111100111000100011110110110011010100011000100001001010110
11110111101100111011100011000001101000101010111000001111010111010101011010001110001010000011101000011000010111011001101000001100010000111100000000011000111011100001001001100101011100111011110110101001
00001000010011000100011100111110010111010101000111110000101000101010100101110001110101111100010111100111101000100110010111110011101111000011111111100111000100011110110110011010100011000100001001010110
11110111101100111011100011000001101000101010111000001111010111010101011010001110001010000011101000011000010111011001101000001100010000111100000000011000111011100001001001100101011100111011110110101001
11110111101100111011100011000001101000101010111000001111010111010101011010001110001010000011101000011000010111011001101000001100010000111100000000011000111011100001001001100101011100111011110110101001
11110111101100111011100011000001101000101010111000001111010111010101011010001110001010000011101000011000010111011001101000001100010000111100000000011000111011100001001001100101011100111011110110101001
00001000010011000100011100111110010111010101000111110000101000101010100101110001110101111100010111100111101000100110010111110011101111000011111111100111000100011110110110011010100011000100001001010110
00001000010011000100011100111110010111010101000111110000101000101010100101110001110101111100010111100111101000100110010111110011101111000011111111100111000100011110110110011010100011000100001001010110
00001000010011000100011100111110010111010101000111110000101000101010100101110001110101111100010111100111101000100110010111110011101111000011111111100111000100011110110110011010100011000100001001010110
00001000010011000100011100111110010111010101000111110000101000101010100101110001110101111100010111100111101000100110010111110011101111000011111111100111000100011110110110011010100011000100001001010110
00001000010011000100011100111110010111010101000111110000101000101010100101110001110101111100010111100111101000100110010111110011101111000011111111100111000100011110110110011010100011000100001001010110
11110111101100111011100011000001101000101010111000001111010111010101011010001110001010000011101000011000010111011001101000001100010000111100000000011000111011100001001001100101011100111011110110101001
11110111101100111011100011000001101000101010111000001111010111010101011010001110001010000011101000011000010111011001101000001100010000111100000000011000111011100001001001100101011100111011110110101001
11110111101100111011100011000001101000101010111000001111010111010101011010001110001010000011101000011000010111011001101000001100010000111100000000011000111011100001001001100101011100111011110110101001
11110111101100111011100011000001101000101010111000001111010111010101011010001110001010000011101000011000010111011001101000001100010000111100000000011000111011100001001001100101011100111011110110101001
00001000010011000100011100111110010111010101000111110000101000101010100101110001110101111100010111100111101000100110010111110011101111000011111111100111000100011110110110011010100011000100001001010110
11110111101100111011100011000001101000101010111000001111010111010101011010001110001010000011101000011000010111011001101000001100010000111100000000011000111011100001001001100101011100111011110110101001
00001000010011000100011100111110010111010101000111110000101000101010100101110001110101111100010111100111101000100110010111110011101111000011111111100111000100011110110110011010100011000100001001010110
11110111101100111011100011000001101000101010111000001111010111010101011010001110001010000011101000011000010111011001101000001100010000111100000000011000111011100001001001100101011100111011110110101001
11110111101100111011100011000001101000101010111000001111010111010101011010001110001010000011101000011000010111011001101000001100010000111100000000011000111011100001001001100101011100111011110110101001
11110111101100111011100011000001101000101010111000001111010111010101011010001110001010000011101000011000010111011001101000001100010000111100000000011000111011100001001001100101011100111011110110101001
00001000010011000100011100111110010111010101000111110000101000101010100101110001110101111100010111100111101000100110010111110011101111000011111111100111000100011110110110011010100011000100001001010110
11110111101100111011100011000001101000101010111000001111010111010101011010001110001010000011101000011000010111011001101000001100010000111100000000011000111011100001001001100101011100111011110110101001
00001000010011000100011100111110010111010101000111110000101000101010100101110001110101111100010111100111101000100110010111110011101111000011111111100111000100011110110110011010100011000100001001010110
11110111101100111011100011000001101000101010111000001111010111010101011010001110001010000011101000011000010111011001101000001100010000111100000000011000111011100001001001100101011100111011110110101001
00001000010011000100011100111110010111010101000111110000101000101010100101110001110101111100010111100111101000100110010111110011101111000011111111100111000100011110110110011010100011000100001001010110
11110111101100111011100011000001101000101010111000001111010111010101011010001110001010000011101000011000010111011001101000001100010000111100000000011000111011100001001001100101011100111011110110101001
00001000010011000100011100111110010111010101000111110000101000101010100101110001110101111100010111100111101000100110010111110011101111000011111111100111000100011110110110011010100011000100001001010110
11110111101100111011100011000001101000101010111000001111010111010101011010001110001010000011101000011000010111011001101000001100010000111100000000011000111011100001001001100101011100111011110110101001
11110111101100111011100011000001101000101010111000001111010111010101011010001110001010000011101000011000010111011001101000001100010000111100000000011000111011100001001001100101011100111011110110101001
00001000010011000100011100111110010111010101000111110000101000101010100101110001110101111100010111100111101000100110010111110011101111000011111111100111000100011110110110011010100011000100001001010110
11110111101100111011100011000001101000101010111000001111010111010101011010001110001010000011101000011000010111011001101000001100010000111100000000011000111011100001001001100101011100111011110110101001
00001000010011000100011100111110010111010101000111110000101000101010100101110001110101111100010111100111101000100110010111110011101111000011111111100111000100011110110110011010100011000100001001010110
00001000010011000100011100111110010111010101000111110000101000101010100101110001110101111100010111100111101000100110010111110011101111000011111111100111000100011110110110011010100011000100001001010110
00001000010011000100011100111110010111010101000111110000101000101010100101110001110101111100010111100111101000100110010111110011101111000011111111100111000100011110110110011010100011000100001001010110
11110111101100111011100011000001101000101010111000001111010111010101011010001110001010000011101000011000010111011001101000001100010000111100000000011000111011100001001001100101011100111011110110101001
11110111101100111011100011000001101000101010111000001111010111010101011010001110001010000011101000011000010111011001101000001100010000111100000000011000111011100001001001100101011100111011110110101001
11110111101100111011100011000001101000101010111000001111010111010101011010001110001010000011101000011000010111011001101000001100010000111100000000011000111011100001001001100101011100111011110110101001
00001000010011000100011100111110010111010101000111110000101000101010100101110001110101111100010111100111101000100110010111110011101111000011111111100111000100011110110110011010100011000100001001010110
00001000010011000100011100111110010111010101000111110000101000101010100101110001110101111100010111100111101000100110010111110011101111000011111111100111000100011110110110011010100011000100001001010110
00001000010011000100011100111110010111010101000111110000101000101010100101110001110101111100010111100111101000100110010111110011101111000011111111100111000100011110110110011010100011000100001001010110
11110111101100111011100011000001101000101010111000001111010111010101011010001110001010000011101000011000010111011001101000001100010000111100000000011000111011100001001001100101011100111011110110101001
00001000010011000100011100111110010111010101000111110000101000101010100101110001110101111100010111100111101000100110010111110011101111000011111111100111000100011110110110011010100011000100001001010110
11110111101100111011100011000001101000101010111000001111010111010101011010001110001010000011101000011000010111011001101000001100010000111100000000011000111011100001001001100101011100111011110110101001
00001000010011000100011100111110010111010101000111110000101000101010100101110001110101111100010111100111101000100110010111110011101111000011111111100111000100011110110110011010100011000100001001010110
00001000010011000100011100111110010111010101000111110000101000101010100101110001110101111100010111100111101000100110010111110011101111000011111111100111000100011110110110011010100011000100001001010110
00001000010011000100011100111110010111010101000111110000101000101010100101110001110101111100010111100111101000100110010111110011101111000011111111100111000100011110110110011010100011000100001001010110
00001000010011000100011100111110010111010101000111110000101000101010100101110001110101111100010111100111101000100110010111110011101111000011111111100111000100011110110110011010100011000100001001010110
00001000010011000100011100111110010111010101000111110000101000101010100101110001110101111100010111100111101000100110010111110011101111000011111111100111000100011110110110011010100011000100001001010110
11110111101100111011100011000001101000101010111000001111010111010101011010001110001010000011101000011000010111011001101000001100010000111100000000011000111011100001001001100101011100111011110110101001
11110111101100111011100011000001101000101010111000001111010111010101011010001110001010000011101000011000010111011001101000001100010000111100000000011000111011100001001001100101011100111011110110101001
11110111101100111011100011000001101000101010111000001111010111010101011010001110001010000011101000011000010111011001101000001100010000111100000000011000111011100001001001100101011100111011110110101001
00001000010011000100011100111110010111010101000111110000101000101010100101110001110101111100010111100111101000100110010111110011101111000011111111100111000100011110110110011010100011000100001001010110
11110111101100111011100011000001101000101010111000001111010111010101011010001110001010000011101000011000010111011001101000001100010000111100000000011000111011100001001001100101011100111011110110101001
00001000010011000100011100111110010111010101000111110000101000101010100101110001110101111100010111100111101000100110010111110011101111000011111111100111000100011110110110011010100011000100001001010110
00001000010011000100011100111110010111010101000111110000101000101010100101110001110101111100010111100111101000100110010111110011101111000011111111100111000100011110110110011010100011000100001001010110
00001000010011000100011100111110010111010101000111110000101000101010100101110001110101111100010111100111101000100110010111110011101111000011111111100111000100011110110110011010100011000100001001010110
00001000010011000100011100111110010111010101000111110000101000101010100101110001110101111100010111100111101000100110010111110011101111000011111111100111000100011110110110011010100011000100001001010110
11110111101100111011100011000001101000101010111000001111010111010101011010001110001010000011101000011000010111011001101000001100010000111100000000011000111011100001001001100101011100111011110110101001
11110111101100111011100011000001101000101010111000001111010111010101011010001110001010000011101000011000010111011001101000001100010000111100000000011000111011100001001001100101011100111011110110101001
00001000010011000100011100111110010111010101000111110000101000101010100101110001110101111100010111100111101000100110010111110011101111000011111111100111000100011110110110011010100011000100001001010110
00001000010011000100011100111110010111010101000111110000101000101010100101110001110101111100010111100111101000100110010111110011101111000011111111100111000100011110110110011010100011000100001001010110
00001000010011000100011100111110010111010101000111110000101000101010100101110001110101111100010111100111101000100110010111110011101111000011111111100111000100011110110110011010100011000100001001010110
00001000010011000100011100111110010111010101000111110000101000101010100101110001110101111100010111100111101000100110010111110011101111000011111111100111000100011110110110011010100011000100001001010110
11110111101100111011100011000001101000101010111000001111010111010101011010001110001010000011101000011000010111011001101000001100010000111100000000011000111011100001001001100101011100111011110110101001
00001000010011000100011100111110010111010101000111110000101000101010100101110001110101111100010111100111101000100110010111110011101111000011111111100111000100011110110110011010100011000100001001010110
11110111101100111011100011000001101000101010111000001111010111010101011010001110001010000011101000011000010111011001101000001100010000111100000000011000111011100001001001100101011100111011110110101001
11110111101100111011100011000001101000101010111000001111010111010101011010001110001010000011101000011000010111011001101000001100010000111100000000011000111011100001001001100101011100111011110110101001
11110111101100111011100011000001101000101010111000001111010111010101011010001110001010000011101000011000010111011001101000001100010000111100000000011000111011100001001001100101011100111011110110101001
00001000010011000100011100111110010111010101000111110000101000101010100101110001110101111100010111100111101000100110010111110011101111000011111111100111000100011110110110011010100011000100001001010110
11110111101100111011100011000001101000101010111000001111010111010101011010001110001010000011101000011000010111011001101000001100010000111100000000011000111011100001001001100101011100111011110110101001
11110111101100111011100011000001101000101010111000001111010111010101011010001110001010000011101000011000010111011001101000001100010000111100000000011000111011100001001001100101011100111011110110101001
00001000010011000100011100111110010111010101000111110000101000101010100101110001110101111100010111100111101000100110010111110011101111000011111111100111000100011110110110011010100011000100001001010110
00001000010011000100011100111110010111010101000111110000101000101010100101110001110101111100010111100111101000100110010111110011101111000011111111100111000100011110110110011010100011000100001001010110
11110111101100111011100011000001101000101010111000001111010111010101011010001110001010000011101000011000010111011001101000001100010000111100000000011000111011100001001001100101011100111011110110101001
11110111101100111011100011000001101000101010111000001111010111010101011010001110001010000011101000011000010111011001101000001100010000111100000000011000111011100001001001100101011100111011110110101001
00001000010011000100011100111110010111010101000111110000101000101010100101110001110101111100010111100111101000100110010111110011101111000011111111100111000100011110110110011010100011000100001001010110
11110111101100111011100011000001101000101010111000001111010111010101011010001110001010000011101000011000010111011001101000001100010000111100000000011000111011100001001001100101011100111011110110101001
00001000010011000100011100111110010111010101000111110000101000101010100101110001110101111100010111100111101000100110010111110011101111000011111111100111000100011110110110011010100011000100001001010110
00001000010011000100011100111110010111010101000111110000101000101010100101110001110101111100010111100111101000100110010111110011101111000011111111100111000100011110110110011010100011000100001001010110
00001000010011000100011100111110010111010101000111110000101000101010100101110001110101111100010111100111101000100110010111110011101111000011111111100111000100011110110110011010100011000100001001010110
00001000010011000100011100111110010111010101000111110000101000101010100101110001110101111100010111100111101000100110010111110011101111000011111111100111000100011110110110011010100011000100001001010110
00001000010011000100011100111110010111010101000111110000101000101010100101110001110101111100010111100111101000100110010111110011101111000011111111100111000100011110110110011010100011000100001001010110
11110111101100111011100011000001101000101010111000001111010111010101011010001110001010000011101000011000010111011001101000001100010000111100000000011000111011100001001001100101011100111011110110101001
11110111101100111011100011000001101000101010111000001111010111010101011010001110001010000011101000011000010111011001101000001100010000111100000000011000111011100001001001100101011100111011110110101001
00001000010011000100011100111110010111010101000111110000101000101010100101110001110101111100010111100111101000100110010111110011101111000011111111100111000100011110110110011010100011000100001001010110
00001000010011000100011100111110010111010101000111110000101000101010100101110001110101111100010111100111101000100110010111110011101111000011111111100111000100011110110110011010100011000100001001010110
00001000010011000100011100111110010111010101000111110000101000101010100101110001110101111100010111100111101000100110010111110011101111000011111111100111000100011110110110011010100011000100001001010110
11110111101100111011100011000001101000101010111000001111010111010101011010001110001010000011101000011000010111011001101000001100010000111100000000011000111011100001001001100101011100111011110110101001
00001000010011000100011100111110010111010101000111110000101000101010100101110001110101111100010111100111101000100110010111110011101111000011111111100111000100011110110110011010100011000100001001010110
00001000010011000100011100111110010111010101000111110000101000101010100101110001110101111100010111100111101000100110010111110011101111000011111111100111000100011110110110011010100011000100001001010110
00001000010011000100011100111110010111010101000111110000101000101010100101110001110101111100010111100111101000100110010111110011101111000011111111100111000100011110110110011010100011000100001001010110
00001000010011000100011100111110010111010101000111110000101000101010100101110001110101111100010111100111101000100110010111110011101111000011111111100111000100011110110110011010100011000100001001010110
11110111101100111011100011000001101000101010111000001111010111010101011010001110001010000011101000011000010111011001101000001100010000111100000000011000111011100001001001100101011100111011110110101001
11110111101100111011100011000001101000101010111000001111010111010101011010001110001010000011101000011000010111011001101000001100010000111100000000011000111011100001001001100101011100111011110110101001
11110111101100111011100011000001101000101110111000001111010111010101011010001110001010000011101000011000010111011001101000001100010000111100000000011000111011100001001001100101011100111011110110101001
11110111101100111011100011000001101000101010111000001111010111010101011010001110001010000011101000011000010111011001101000001100010000111100000000011000111011100001001001100101011100111011110110101001
00001000010011000100011100111110010111010101000111110000101000101010100101110001110101111100010111100111101000100110010111110011101111000011111111100111000100011110110110011010100011000100001001010110
00001000010011000100011100111110010111010101000111110000101000101010100101110001110101111100010111100111101000100110010111110011101111000011111111100111000100011110110110011010100011000100001001010110
00001000010011000100011100111110010111010101000111110000101000101010100101110001110101111100010111100111101000100110010111110011101111000011111111100111000100011110110110011010100011000100001001010110
00001000010011000100011100111110010111010101000111110000101000101010100101110001110101111100010111100111101000100110010111110011101111000011111111100111000100011110110110011010100011000100001001010110
00001000010011000100011100111110010111010101000111110000101000101010100101110001110101111100010111100111101000100110010111110011101111000011111111100111000100011110110110011010100011000100001001010110
00001000010011000100011100111110010111010101000111110000101000101010100101110001110101111100010111100111101000100110010111110011101111000011111111100111000100011110110110011010100011000100001001010110
00001000010011000100011100111110010111010101000111110000101000101010100101110001110101111100010111100111101000100110010111110011101111000011111111100111000100011110110110011010100011000100001001010110
00001000010011000100011100111110010111010101000111110000101000101010100101110001110101111100010111100111101000100110010111110011101111000011111111100111000100011110110110011010100011000100001001010110
00001000010011000100011100111110010111010101000111110000101000101010100101110001110101111100010111100111101000100110010111110011101111000011111111100111000100011110110110011010100011000100001001010110
11110111101100111011100011000001101000101010111000001111010111010101011010001110001010000011101000011000010111011001101000001100010000111100000000011000111011100001001001100101011100111011110110101001
11110111101100111011100011000001101000101010111000001111010111010101011010001110001010000011101000011000010111011001101000001100010000111100000000011000111011100001001001100101011100111011110110101001
00001000010011000100011100111110010111010101000111110000101000101010100101110001110101111100010111100111101000100110010111110011101111000011111111100111000100011110110110011010100011000100001001010110
00001000010011000100011100111110010111010101000111110000101000101010100101110001110101111100010111100111101000100110010111110011101111000011111111100111000100011110110110011010100011000100001001010110
00001000010011000100011100111110010111010101000111110000101000101010100101110001110101111100010111100111101000100110010111110011101111000011111111100111000100011110110110011010100011000100001001010110
11110111101100111011100011000001101000101010111000001111010111010101011010001110001010000011101000011000010111011001101000001100010000111100000000011000111011100001001001100101011100111011110110101001
11110111101100111011100011000001101000101010111000001111010111010101011010001110001010000011101000011000010111011001101000001100010000111100000000011000111011100001001001100101011100111011110110101001
11110111101100111011100011000001101000101010111000001111010111010101011010001110001010000011101000011000010111011001101000001100010000111100000000011000111011100001001001100101011100111011110110101001
00001000010011000100011100111110010111010101000111110000101000101010100101110001110101111100010111100111101000100110010111110011101111000011111111100111000100011110110110011010100011000100001001010110
11110111101100111011100011000001101000101010111000001111010111010101011010001110001010000011101000011000010111011001101000001100010000111100000000011000111011100001001001100101011100111011110110101001
11110111101100111011100011000001101000101010111000001111010111010101011010001110001010000011101000011000010111011001101000001100010000111100000000011000111011100001001001100101011100111011110110101001
11110111101100111011100011000001101000101010111000001111010111010101011010001110001010000011101000011000010111011001101000001100010000111100000000011000111011100001001001100101011100111011110110101001
00001000010011000100011100111110010111010101000111110000101000101010100101110001110101111100010111100111101000100110010111110011101111000011111111100111000100011110110110011010100011000100001001010110
00001000010011000100011100111110010111010101000111110000101000101010100101110001110101111100010111100111101000100110010111110011101111000011111111100111000100011110110110011010100011000100001001010110
00001000010011000100011100111110010111010101000111110000101000101010100101110001110101111100010111100111101000100110010111110011101111000011111111100111000100011110110110011010100011000100001001010110
00001000010011000100011100111110010111010101000111110000101000101010100101110001110101111100010111100111101000100110010111110011101111000011111111100111000100011110110110011010100011000100001001010110
11110111101100111011100011000001101000101010111000001111010111010101011010001110001010000011101000011000010111011001101000001100010000111100000000011000111011100001001001100101011100111011110110101001
00001000010011000100011100111110010111010101000111110000101000101010100101110001110101111100010111100111101000100110010111110011101111000011111111100111000100011110110110011010100011000100001001010110
00001000010011000100011100111110010111010101000111110000101000101010100101110001110101111100010111100111101000100110010111110011101111000011111111100111000100011110110110011010100011000100001001010110
11110111101100111011100011000001101000101010111000001111010111010101011010001110001010000011101000011000010111011001101000001100010000111100000000011000111011100001001001100101011100111011110110101001
00001000010011000100011100111110010111010101000111110000101000101010100101110001110101111100010111100111101000100110010111110011101111000011111111100111000100011110110110011010100011000100001001010110
00001000010011000100011100111110010111010101000111110000101000101010100101110001110101111100010111100111101000100110010111110011101111000011111111100111000100011110110110011010100011000100001001010110
11110111101100111011100011000001101000101010111000001111010111010101011010001110001010000011101000011000010111011001101000001100010000111100000000011000111011100001001001100101011100111011110110101001
11110111101100111011100011000001101000101010111000001111010111010101011010001110001010000011101000011000010111011001101000001100010000111100000000011000111011100001001001100101011100111011110110101001
00001000010011000100011100111110010111010101000111110000101000101010100101110001110101111100010111100111101000100110010111110011101111000011111111100111000100011110110110011010100011000100001001010110
00001000010011000100011100111110010111010101000111110000101000101010100101110001110101111100010111100111101000100110010111110011101111000011111111100111000100011110110110011010100011000100001001010110
11110111101100111011100011000001101000101010111000001111010111010101011010001110001010000011101000011000010111011001101000001100010000111100000000011000111011100001001001100101011100111011110110101001
00001000010011000100011100111110010111010101000111110000101000101010100101110001110101111100010111100111101000100110010111110011101111000011111111100111000100011110110110011010100011000100001001010110
11110111101100111011100011000001101000101010111000001111010111010101011010001110001010000011101000011000010111011001101000001100010000111100000000011000111011100001001001100101011100111011110110101001
00001000010011000100011100111110010111010101000111110000101000101010100101110001110101111100010111100111101000100110010111110011101111000011111111100111000100011110110110011010100011000100001001010110
11110111101100111011100011000001101000101010111000001111010111010101011010001110001010000011101000011000010111011001101000001100010000111100000000011000111011100001001001100101011100111011110110101001
11110111101100111011100011000001101000101010111000001111010111010101011010001110001010000011101000011000010111011001101000001100010000111100000000011000111011100001001001100101011100111011110110101001
11110111101100111011100011000001101000101010111000001111010111010101011010001110001010000011101000011000010111011001101000001100010000111100000000011000111011100001001001100101011100111011110110101001
00001000010011000100011100111110010111010101000111110000101000101010100101110001110101111100010111100111101000100110010111110011101111000011111111100111000100011110110110011010100011000100001001010110
00001000010011000100011100111110010111010101000111110000101000101010100101110001110101111100010111100111101000100110010111110011101111000011111111100111000100011110110110011010100011000100001001010110
11110111101100111011100011000001101000101010111000001111010111010101011010001110001010000011101000011000010111011001101000001100010000111100000000011000111011100001001001100101011100111011110110101001
11110111101100111011100011000001101000101010111000001111010111010101011010001110001010000011101000011000010111011001101000001100010000111100000000011000111011100001001001100101011100111011110110101001
11110111101100111011100011000001101000101010111000001111010111010101011010001110001010000011101000011000010111011001101000001100010000111100000000011000111011100001001001100101011100111011110110101001
00001000010011000100011100111110010111010101000111110000101000101010100101110001110101111100010111100111101000100110010111110011101111000011111111100111000100011110110110011010100011000100001001010110
11110111101100111011100011000001101000101010111000001111010111010101011010001110001010000011101000011000010111011001101000001100010000111100000000011000111011100001001001100101011100111011110110101001
11110111101100111011100011000001101000101010111000001111010111010101011010001110001010000011101000011000010111011001101000001100010000111100000000011000111011100001001001100101011100111011110110101001
11110111101100111011100011000001101000101010111000001111010111010101011010001110001010000011101000011000010111011001101000001100010000111100000000011000111011100001001001100101011100111011110110101001
11110111101100111011100011000001101000101010111000001111010111010101011010001110001010000011101000011000010111011001101000001100010000111100000000011000111011100001001001100101011100111011110110101001
00001000010011000100011100111110010111010101000111110000101000101010100101110001110101111100010111100111101000100110010111110011101111000011111111100111000100011110110110011010100011000100001001010110
11110111101100111011100011000001101000101010111000001111010111010101011010001110001010000011101000011000010111011001101000001100010000111100000000011000111011100001001001100101011100111011110110101001
11110111101100111011100011000001101000101010111000001111010111010101011010001110001010000011101000011000010111011001101000001100010000111100000000011000111011100001001001100101011100111011110110101001
00001000010011000100011100111110010111010101000111110000101000101010100101110001110101111100010111100111101000100110010111110011101111000011111111100111000100011110110110011010100011000100001001010110
11110111101100111011100011000001101000101010111000001111010111010101011010001110001010000011101000011000010111011001101000001100010000111100000000011000111011100001001001100101011100111011110110101001
00001000010011000100011100111110010111010101000111110000101000101010100101110001110101111100010111100111101000100110010111110011101111000011111111100111000100011110110110011010100011000100001001010110
11110111101100111011100011000001101000101010111000001111010111010101011010001110001010000011101000011000010111011001101000001100010000111100000000011000111011100001001001100101011100111011110110101001
00001000010011000100011100111110010111010101000111110000101000101010100101110001110101111100010111100111101000100110010111110011101111000011111111100111000100011110110110011010100011000100001001010110
00001000010011000100011100111110010111010101000111110000101000101010100101110001110101111100010111100111101000100110010111110011101111000011111111100111000100011110110110011010100011000100001001010110
11110111101100111011100011000001101000101010111000001111010111010101011010001110001010000011101000011000010111011001101000001100010000111100000000011000111011100001001001100101011100111011110110101001
