10
4
-1 3 5 -1 
3 -1 -1 -1 
3 5 15 10 
-1 2 4 -1 
12
-1 -1 -1 108 -1 -1 105 -1 -1 5 -1 -1 
-1 142 126 26 135 101 44 91 34 -1 -1 -1 
-1 -1 116 35 139 34 61 122 -1 38 3 26 
-1 75 -1 -1 -1 124 18 13 90 94 -1 -1 
-1 -1 -1 -1 128 -1 60 134 -1 21 -1 -1 
141 62 5 -1 -1 -1 122 14 -1 -1 120 -1 
-1 48 16 135 -1 -1 -1 117 -1 76 54 -1 
128 -1 -1 -1 101 -1 24 12 139 97 -1 52 
-1 -1 -1 28 -1 -1 -1 69 115 -1 -1 -1 
-1 94 -1 122 -1 -1 -1 -1 78 76 -1 4 
80 -1 -1 -1 14 -1 43 -1 43 -1 142 17 
-1 -1 62 104 -1 124 -1 -1 124 -1 118 92 
16
-1 -1 -1 159 -1 23 -1 58 50 138 125 251 -1 98 -1 -1 
-1 231 -1 117 35 231 141 -1 -1 73 107 -1 -1 131 -1 -1 
39 14 -1 -1 -1 253 231 43 -1 47 4 -1 19 165 -1 198 
-1 85 -1 170 -1 124 188 -1 234 -1 76 -1 -1 25 216 147 
-1 130 36 214 76 -1 137 -1 3 85 -1 -1 153 242 -1 -1 
152 245 145 117 -1 -1 -1 -1 206 -1 49 -1 173 -1 83 -1 
224 182 25 -1 86 210 -1 146 84 -1 69 240 63 177 -1 -1 
-1 133 173 194 44 -1 27 -1 -1 240 90 -1 133 214 -1 -1 
17 240 7 -1 -1 48 220 48 -1 83 -1 126 -1 -1 226 83 
206 60 29 -1 9 -1 -1 -1 -1 69 168 -1 147 -1 -1 -1 
-1 166 68 -1 187 -1 239 -1 165 196 -1 197 220 -1 130 -1 
31 115 -1 38 245 -1 234 110 -1 -1 5 -1 -1 218 -1 -1 
241 100 213 252 -1 -1 -1 -1 18 -1 -1 42 -1 124 -1 -1 
54 40 82 -1 -1 -1 134 73 -1 63 -1 62 187 28 -1 188 
65 -1 69 -1 38 68 166 211 -1 -1 118 235 223 -1 -1 -1 
-1 122 98 -1 -1 -1 187 -1 187 92 233 48 -1 227 146 107 
11
-1 -1 -1 53 84 -1 -1 63 75 66 -1 
52 -1 103 12 52 -1 -1 -1 117 75 15 
118 -1 37 -1 86 -1 45 65 46 -1 -1 
90 108 -1 45 -1 -1 98 54 -1 53 2 
10 -1 -1 -1 15 4 106 46 -1 55 75 
96 103 -1 -1 -1 82 51 -1 -1 24 -1 
114 60 -1 109 36 -1 71 50 -1 51 -1 
-1 80 112 -1 -1 37 -1 9 -1 -1 115 
-1 26 -1 15 -1 -1 43 -1 -1 -1 83 
69 50 89 -1 20 -1 -1 13 -1 100 61 
-1 -1 -1 -1 -1 74 -1 -1 -1 -1 90 
11
-1 -1 96 -1 16 81 -1 102 52 -1 -1 
80 -1 25 -1 -1 111 34 59 -1 81 -1 
-1 113 -1 -1 39 -1 -1 91 -1 -1 -1 
65 8 -1 -1 64 32 104 26 -1 -1 33 
-1 56 107 55 -1 -1 31 -1 -1 25 -1 
51 6 105 -1 108 64 -1 -1 91 -1 119 
66 68 67 56 -1 -1 34 28 75 -1 119 
-1 93 49 103 -1 61 79 13 47 120 31 
-1 -1 -1 -1 -1 114 -1 -1 -1 33 24 
-1 -1 44 -1 48 16 118 -1 -1 -1 -1 
-1 36 -1 -1 -1 -1 -1 88 -1 6 74 
18
-1 80 84 51 215 -1 158 -1 136 -1 105 -1 201 -1 -1 173 323 -1 
-1 43 287 -1 119 -1 136 131 -1 188 -1 249 123 -1 -1 -1 81 95 
76 -1 33 174 286 -1 -1 -1 -1 64 180 -1 -1 295 -1 283 19 70 
-1 292 -1 -1 250 -1 63 307 -1 -1 153 -1 -1 68 275 -1 162 259 
-1 100 171 -1 -1 107 121 -1 -1 -1 279 182 125 190 81 126 93 -1 
-1 -1 -1 106 292 205 75 -1 98 -1 -1 -1 -1 -1 -1 -1 -1 90 
58 266 -1 116 233 160 316 222 131 215 167 232 -1 261 71 131 178 50 
179 304 3 -1 87 299 -1 10 -1 24 -1 30 297 -1 -1 139 -1 -1 
-1 257 -1 275 160 -1 319 -1 35 121 169 138 78 218 -1 35 75 173 
182 -1 -1 32 292 -1 -1 -1 -1 -1 -1 216 238 322 136 -1 174 132 
-1 13 -1 -1 -1 -1 -1 -1 -1 -1 -1 203 -1 -1 140 -1 -1 183 
40 10 -1 -1 -1 303 -1 -1 150 53 193 -1 265 -1 -1 -1 -1 127 
277 -1 257 -1 -1 18 -1 -1 -1 70 171 -1 128 123 169 64 158 97 
-1 -1 -1 162 321 -1 -1 40 27 143 156 234 -1 300 162 240 -1 42 
77 -1 -1 242 286 87 200 -1 123 -1 252 90 -1 -1 180 283 33 55 
171 -1 63 165 -1 212 249 123 -1 -1 138 215 -1 -1 74 -1 -1 -1 
-1 -1 136 -1 220 -1 -1 -1 -1 -1 275 -1 42 -1 76 262 -1 95 
-1 208 173 265 169 49 56 164 178 35 -1 -1 193 -1 39 165 168 -1 
15
-1 159 115 -1 122 16 57 -1 -1 90 -1 -1 -1 -1 -1 
198 -1 24 -1 44 -1 -1 -1 -1 -1 106 16 -1 7 102 
-1 -1 -1 80 -1 -1 -1 -1 -1 -1 -1 -1 14 39 -1 
-1 -1 -1 -1 204 -1 -1 -1 -1 76 -1 -1 -1 -1 -1 
23 -1 158 -1 150 -1 -1 -1 -1 -1 -1 18 -1 -1 161 
75 -1 131 149 -1 -1 -1 132 -1 -1 69 46 -1 -1 -1 
189 -1 206 -1 163 -1 -1 -1 -1 79 -1 23 98 101 14 
-1 110 92 28 -1 -1 -1 167 -1 -1 23 44 208 78 168 
40 145 -1 39 -1 151 -1 116 12 -1 -1 -1 -1 -1 19 
-1 152 -1 -1 214 -1 -1 7 -1 -1 119 93 -1 116 165 
-1 65 60 -1 41 -1 183 -1 -1 -1 208 38 221 120 203 
-1 -1 208 99 -1 83 18 21 -1 41 -1 -1 124 223 -1 
-1 6 97 -1 -1 -1 -1 -1 195 167 -1 33 197 -1 121 
18 -1 31 -1 -1 76 66 44 -1 204 198 -1 -1 108 198 
-1 131 -1 -1 182 -1 -1 73 78 194 219 -1 72 -1 93 
16
-1 129 195 -1 -1 -1 249 -1 -1 -1 -1 -1 -1 23 -1 -1 
-1 -1 157 -1 31 247 -1 239 38 -1 -1 75 6 -1 245 -1 
-1 255 28 180 195 -1 90 196 101 227 -1 31 -1 -1 10 215 
-1 -1 150 66 89 -1 62 142 6 -1 222 -1 222 161 -1 -1 
223 19 178 63 216 -1 -1 2 -1 228 -1 -1 -1 -1 36 -1 
33 53 -1 -1 -1 -1 -1 71 -1 102 -1 -1 -1 225 -1 -1 
-1 -1 115 -1 -1 228 -1 61 48 -1 50 210 118 -1 150 205 
52 -1 191 108 -1 -1 83 114 11 98 -1 -1 -1 -1 -1 -1 
-1 174 199 137 -1 -1 99 41 62 128 63 51 135 -1 -1 -1 
-1 74 -1 -1 161 -1 73 -1 127 65 -1 28 79 -1 29 82 
77 -1 86 -1 -1 188 209 79 -1 83 -1 109 -1 87 13 225 
115 -1 -1 175 -1 29 -1 -1 77 -1 -1 -1 123 138 190 101 
168 -1 180 27 -1 -1 169 -1 146 124 -1 49 30 170 -1 -1 
-1 255 174 -1 -1 24 -1 -1 -1 102 21 -1 142 -1 -1 16 
64 -1 19 136 -1 123 7 -1 67 -1 58 -1 69 172 113 117 
-1 -1 -1 205 -1 -1 120 -1 203 111 -1 93 250 -1 130 -1 
15
-1 -1 112 -1 161 105 -1 -1 72 -1 -1 -1 146 143 -1 
203 205 209 12 -1 99 193 -1 123 164 73 -1 -1 -1 120 
51 90 -1 -1 36 -1 -1 -1 10 -1 -1 -1 -1 70 199 
165 -1 198 107 20 33 -1 -1 171 130 -1 -1 99 -1 14 
175 130 170 35 -1 -1 203 186 214 -1 51 99 2 -1 124 
50 133 138 108 -1 -1 23 -1 20 -1 -1 182 -1 122 -1 
-1 -1 -1 -1 -1 -1 13 2 29 31 -1 -1 -1 -1 104 
39 -1 146 50 204 -1 13 -1 127 -1 -1 198 -1 67 -1 
-1 147 -1 -1 184 -1 31 -1 -1 96 -1 -1 -1 201 -1 
-1 195 104 130 107 -1 -1 -1 -1 -1 77 138 -1 200 38 
-1 -1 -1 66 -1 30 187 -1 -1 131 -1 45 144 218 188 
86 217 183 -1 179 2 -1 3 28 89 -1 129 46 -1 -1 
-1 123 -1 -1 175 -1 -1 -1 89 -1 -1 -1 14 -1 102 
213 162 2 -1 184 -1 -1 51 195 54 19 112 -1 217 166 
-1 -1 -1 -1 31 -1 -1 -1 153 -1 209 -1 7 97 178 
16
-1 113 103 127 18 149 -1 181 3 -1 -1 -1 153 152 -1 -1 
-1 164 -1 208 -1 -1 -1 97 110 5 223 -1 242 -1 -1 72 
133 -1 -1 -1 -1 234 213 188 153 -1 -1 -1 -1 16 -1 -1 
-1 -1 -1 2 240 -1 -1 -1 -1 3 -1 8 192 -1 -1 14 
75 34 -1 -1 95 73 30 -1 -1 124 149 -1 52 -1 -1 -1 
90 -1 30 37 -1 -1 -1 -1 -1 216 181 205 17 123 -1 -1 
-1 4 -1 -1 145 -1 249 -1 -1 125 216 -1 92 171 -1 -1 
197 -1 184 -1 140 244 -1 169 174 45 -1 -1 212 28 -1 -1 
-1 81 -1 119 114 98 174 90 91 228 59 167 173 220 -1 34 
-1 27 -1 -1 235 71 238 29 -1 -1 47 238 -1 -1 3 -1 
238 63 225 70 188 81 139 -1 245 -1 -1 107 -1 -1 242 -1 
-1 218 254 -1 160 102 2 125 -1 -1 -1 -1 -1 -1 75 252 
175 251 -1 39 -1 -1 -1 174 38 85 212 -1 -1 -1 149 -1 
234 80 -1 58 51 109 75 181 249 -1 182 112 212 -1 -1 47 
-1 62 -1 -1 -1 21 134 -1 214 149 -1 -1 -1 232 124 -1 
-1 -1 -1 -1 230 173 -1 -1 -1 -1 -1 -1 90 -1 26 130 
